0 0
1 70
2 4
3 4
4 31
5 48
6 87
7 100
8 22
9 44
10 7
11 60
12 15
13 6
14 12
15 2
16 35
17 42
18 42
19 87
20 11
21 87
22 26
23 99
24 68
25 62
26 97
27 19
28 48
29 12
30 35
31 74
32 71
33 8
34 8
35 85
36 9
37 4
38 25
39 64
40 1
41 7
42 52
43 20
44 6
45 19
46 10
47 60
48 35
49 9
50 90
51 51
52 74
53 21
54 77
55 80
56 52
57 63
58 72
59 66
60 62
61 38
62 25
63 22
64 87
65 48
66 80
67 47
68 3
69 25
70 63
71 27
72 66
73 53
74 32
75 47
76 2
77 41
78 91
79 6
80 37
81 24
82 82
83 89
84 9
85 59
86 67
87 32
88 41
89 64
90 3
91 11
92 25
93 79
94 15
95 23
96 30
97 78
98 18
99 55
100 16
101 82
102 81
103 98
104 75
105 38
106 100
107 13
108 75
109 20
110 63
111 37
112 60
113 68
114 57
115 2
116 100
117 1
118 24
119 82
120 97
121 55
122 41
123 4
124 30
125 32
126 48
127 97
128 67
129 33
130 63
131 67
132 97
133 61
134 36
135 74
136 52
137 91
138 40
139 91
140 59
141 62
142 72
143 65
144 60
145 89
146 54
147 13
148 51
149 94
150 25
151 18
152 37
153 98
154 81
155 27
156 6
157 63
158 66
159 62
160 9
161 50
162 36
163 58
164 68
165 46
166 46
167 11
168 59
169 36
170 75
171 2
172 45
173 57
174 80
175 44
176 2
177 87
178 12
179 56
180 70
181 39
182 26
183 35
184 21
185 29
186 26
187 65
188 57
189 38
190 7
191 39
192 50
193 9
194 75
195 25
196 28
197 47
198 16
199 97
200 95
