0 0
1 31
2 5
3 79
4 58
5 53
6 88
7 35
8 81
9 100
10 40
11 53
12 14
13 25
14 35
15 64
16 31
17 83
18 21
19 13
20 25
21 38
22 52
23 26
24 92
25 77
26 14
27 14
28 28
29 71
30 48
31 48
32 65
33 68
34 76
35 98
36 63
37 96
38 12
39 5
40 97
41 14
42 61
43 80
44 86
45 24
46 6
47 75
48 5
49 26
50 71
51 39
52 11
53 7
54 2
55 39
56 25
57 55
58 95
59 4
60 87
61 74
62 81
63 13
64 10
65 82
66 69
67 86
68 98
69 37
70 64
71 32
72 77
73 63
74 38
75 47
76 40
77 38
78 35
79 11
80 49
81 4
82 16
83 64
84 33
85 39
86 63
87 71
88 27
89 94
90 99
91 64
92 37
93 2
94 40
95 48
96 20
97 17
98 51
99 9
100 78
101 90
102 42
103 98
104 53
105 42
106 33
107 50
108 45
109 38
110 1
111 69
112 2
113 12
114 85
115 79
116 59
117 66
118 50
119 39
120 92
121 81
122 92
123 96
124 25
125 71
126 8
127 47
128 79
129 39
130 78
131 25
132 12
133 22
134 32
135 55
136 68
137 71
138 48
139 100
140 28
141 72
142 95
143 94
144 77
145 20
146 99
147 27
148 26
149 65
150 54
151 35
152 36
153 5
154 62
155 45
156 49
157 20
158 31
159 6
160 67
161 96
162 55
163 82
164 32
165 31
166 27
167 84
168 48
169 55
170 92
171 52
172 15
173 24
174 52
175 99
176 77
177 22
178 13
179 20
180 46
181 37
182 83
183 49
184 57
185 86
186 35
187 39
188 72
189 72
190 61
191 80
192 21
193 53
194 17
195 72
196 93
197 17
198 11
199 17
200 6
