0 0
1 64
2 1
3 56
4 71
5 100
6 14
7 19
8 40
9 10
10 37
11 44
12 30
13 20
14 21
15 79
16 17
17 78
18 70
19 9
20 72
21 96
22 54
23 44
24 60
25 62
26 22
27 90
28 33
29 36
30 95
31 77
32 77
33 16
34 22
35 2
36 81
37 93
38 44
39 39
40 10
41 45
42 55
43 58
44 96
45 6
46 45
47 57
48 36
49 12
50 79
51 98
52 18
53 29
54 68
55 58
56 61
57 60
58 94
59 38
60 3
61 42
62 14
63 95
64 18
65 53
66 30
67 90
68 82
69 36
70 60
71 93
72 40
73 81
74 62
75 52
76 59
77 69
78 11
79 75
80 30
81 16
82 60
83 23
84 80
85 78
86 82
87 7
88 3
89 25
90 66
91 99
92 61
93 68
94 12
95 68
96 84
97 11
98 71
99 44
100 6
101 36
102 81
103 90
104 3
105 49
106 70
107 60
108 11
109 85
110 34
111 13
112 52
113 45
114 70
115 52
116 89
117 71
118 23
119 52
120 92
121 81
122 58
123 28
124 28
125 62
126 79
127 48
128 70
129 97
130 36
131 3
132 39
133 51
134 58
135 95
136 48
137 57
138 20
139 59
140 99
141 61
142 32
143 39
144 69
145 94
146 71
147 37
148 22
149 95
150 44
151 48
152 50
153 6
154 98
155 27
156 94
157 67
158 88
159 62
160 53
161 72
162 79
163 84
164 11
165 33
166 96
167 9
168 84
169 56
170 40
171 69
172 72
173 33
174 95
175 20
176 75
177 12
178 47
179 83
180 54
181 98
182 17
183 47
184 35
185 11
186 59
187 7
188 40
189 29
190 45
191 81
192 8
193 1
194 89
195 44
196 92
197 68
198 1
199 43
200 22
