0 0
1 71
2 97
3 53
4 73
5 67
6 100
7 3
8 56
9 51
10 88
11 93
12 76
13 47
14 66
15 47
16 1
17 54
18 80
19 69
20 65
21 10
22 3
23 97
24 11
25 67
26 72
27 1
28 13
29 41
30 55
31 41
32 62
33 81
34 55
35 32
36 76
37 13
38 60
39 62
40 99
41 5
42 30
43 99
44 78
45 31
46 89
47 49
48 33
49 15
50 63
51 42
52 46
53 13
54 39
55 34
56 4
57 6
58 44
59 20
60 21
61 4
62 14
63 42
64 53
65 71
66 65
67 1
68 30
69 28
70 86
71 5
72 71
73 54
74 75
75 18
76 46
77 37
78 60
79 20
80 86
81 67
82 9
83 42
84 36
85 20
86 57
87 69
88 5
89 51
90 45
91 92
92 5
93 19
94 95
95 14
96 25
97 25
98 46
99 99
100 53
101 92
102 5
103 13
104 95
105 40
106 21
107 76
108 65
109 68
110 12
111 61
112 97
113 23
114 40
115 83
116 57
117 84
118 66
119 68
120 44
121 37
122 69
123 24
124 95
125 65
126 39
127 56
128 96
129 39
130 46
131 27
132 91
133 78
134 1
135 4
136 18
137 82
138 94
139 97
140 63
141 26
142 93
143 53
144 10
145 85
146 22
147 48
148 65
149 4
150 44
151 20
152 23
153 5
154 15
155 24
156 44
157 29
158 32
159 90
160 32
161 27
162 56
163 97
164 77
165 59
166 82
167 78
168 45
169 94
170 1
171 61
172 69
173 47
174 22
175 95
176 35
177 90
178 35
179 43
180 99
181 41
182 92
183 52
184 56
185 93
186 39
187 54
188 63
189 70
190 97
191 39
192 68
193 88
194 4
195 62
196 64
197 83
198 79
199 85
200 27
