0 0
1 12
2 61
3 98
4 19
5 77
6 5
7 11
8 22
9 52
10 84
11 66
12 97
13 23
14 8
15 30
16 42
17 26
18 57
19 82
20 20
21 12
22 74
23 46
24 60
25 44
26 9
27 86
28 21
29 16
30 66
31 1
32 63
33 33
34 55
35 82
36 88
37 37
38 36
39 88
40 96
41 43
42 5
43 56
44 50
45 37
46 93
47 49
48 97
49 98
50 96
51 62
52 53
53 18
54 66
55 8
56 36
57 42
58 74
59 24
60 16
61 50
62 74
63 45
64 52
65 18
66 95
67 18
68 28
69 24
70 85
71 66
72 17
73 95
74 20
75 62
76 13
77 71
78 91
79 65
80 52
81 12
82 19
83 69
84 30
85 34
86 40
87 31
88 26
89 28
90 28
91 92
92 78
93 76
94 36
95 83
96 50
97 7
98 39
99 23
100 54
101 66
102 47
103 37
104 62
105 21
106 2
107 100
108 54
109 29
110 91
111 96
112 84
113 78
114 69
115 29
116 34
117 83
118 37
119 8
120 5
121 55
122 23
123 83
124 62
125 9
126 51
127 13
128 72
129 22
130 35
131 18
132 45
133 28
134 82
135 86
136 2
137 43
138 97
139 86
140 29
141 3
142 61
143 73
144 71
145 67
146 59
147 70
148 45
149 41
150 57
151 80
152 15
153 22
154 86
155 29
156 76
157 26
158 97
159 97
160 58
161 55
162 14
163 1
164 28
165 79
166 33
167 4
168 77
169 26
170 90
171 15
172 47
173 62
174 66
175 73
176 43
177 95
178 20
179 44
180 20
181 66
182 54
183 16
184 31
185 21
186 10
187 82
188 22
189 70
190 23
191 2
192 96
193 38
194 98
195 93
196 62
197 87
198 52
199 12
200 2
