3.689
1.33106
2.16173
1.73829
3.30792
2.4569
3.58561
2.65566
1.34477
1.95094
1.22202
2.98803
4.00852
5.22735
1.16508
1.88544
1.67666
6.74631
1.27526
3.07503
1.07967
1.74842
1.8351
3.45678
3.57831
2.45347
1.62077
1.96975
2.255
1.39973
2.2048
1.5718
1.69373
2.01417
5.98811
1.61072
1.16626
1.45489
3.98469
2.47956
1.52313
1.41165
1.17266
1.26215
1.36753
6.00518
1.56209
1.29134
1.39395
1.13787
4.80758
3.6051
2.78113
5.13381
1.72586
11.0123
2.32477
3.78603
1.9245
1.45748
2.05508
1.33068
2.79995
3.59079
1.35851
1.10644
1.38954
3.14182
1.17612
2.61279
1.30604
2.70294
6.30144
2.99902
2.12711
1.14702
2.25205
1.47591
2.62506
2.15889
2.24719
2.78535
3.6974
3.95561
1.20991
1.16874
2.2334
6.82326
1.96285
1.32873
1.24947
1.65636
1.11833
6.31317
1.01451
1.1798
1.38724
1.02172
1.76571
1.47529
1.70341
1.64401
1.81794
2.63327
1.24936
1.17882
1.28259
2.15613
1.16018
3.72516
1.69215
1.26851
1.37391
2.67491
2.42436
2.44235
3.20013
1.72474
1.24778
1.79004
3.81917
2.32051
1.25407
3.37666
1.67757
1.56468
3.42897
4.12887
2.35071
2.25407
2.5265
1.55457
1.49985
1.442
1.40492
1.85826
2.16456
1.47652
1.7678
2.7706
1.5903
4.71237
2.47493
3.78292
1.71507
3.54866
1.36533
1.60069
1.74552
1.66545
2.01812
2.58669
5.21073
1.29241
2.7003
1.35185
2.30538
2.95667
1.2129
1.1983
1.2684
1.56457
5.70232
4.33027
2.69851
1.21629
7.5053
5.14001
1.64035
2.20679
1.29366
2.22237
1.31316
1.53131
2.00273
1.92064
1.48607
2.07685
1.20884
1.92857
1.42852
1.45016
6.93252
6.09985
2.11079
1.24903
2.1612
1.10099
2.1151
1.7998
3.81376
2.32882
2.10385
4.14248
2.34762
2.52567
4.79733
1.4743
1.66033
6.34244
