1.38513
0.000449219
1.24793
1.62408
1.81714
6.02954e-05
1.49875
1.4881
0.0136916
1.79447
1.22909
1.60676
0.310742
1.76443
3.52421e-14
1.15109
1.33722
1.73284
7.37685e-18
1.14543
0.002774
1.55183
1.01895
1.53975
8.42236e-05
0.301948
0.25945
1.67428
0.655734
0.142673
1.69596
1.15544
1.82919
1.81593
1.38387
0.505529
1.78522
1.51683
1.52767
1.50763
1.65021
1.8358
1.52977
1.70374
0.804819
1.52388
0.00015642
1.43239
0.996925
1.80008
1.61445
2.90072e-11
1.24528e-05
0.069999
0.00113836
1.78393
3.75146e-49
0.082299
1.83456
0.106307
1.8209
1.40715
1.72621
0.0578005
1.9673e-05
1.26843
1.31534
1.60273
0.00657896
1.24949
1.63309
1.24459
0.143456
2.70417e-10
0.948802
0.769471
1.22764
1.40252
1.83256
0.143816
0.660827
0.87586
0.120868
0.000309235
1.78373
1.44073
1.00065
0.378287
2.94757e-25
1.48789
1.19081
1.42368
1.80751
1.36075
4.3628e-21
0.962706
1.6863
1.08603
1.25358
0.486365
1.64017
1.79313
1.58968
1.47389
0.00130826
1.18902
1.13281
1.06697
0.916775
1.43704
5.06504e-06
1.68236
1.12248
1.31044
1.83447
1.41114
1.40036
0.000988736
1.82989
1.26312
1.37017
0.000102011
0.00237555
1.29157
0.000394299
1.48516
1.80947
0.0786509
1.4394
0.0162797
0.311192
0.282765
1.75485
1.64763
1.30047
0.840728
0.462953
0.162811
1.78495
1.19533
0.281685
1.83531
5.03939e-17
1.81727
1.92151e-06
1.71545
0.000182672
1.00756
1.69964
1.67522
1.8355
1.81001
0.508088
8.89155e-14
1.7566
0.210018
1.55419
1.8276
1.83565
1.19426
0.88737
1.47086
1.76395
1.08262e-17
4.49927e-06
1.11929
1.22851
4.56479e-20
6.32698e-06
1.69514
0.0332264
1.28063
0.183985
1.36395
1.70676
0.495695
0.910384
1.62665
0.26428
0.955636
0.771159
1.80545
1.74738
2.4679e-13
5.25134e-12
0.19591
1.00919
0.82203
1.49152
1.77896
1.75389
1.6363
0.139937
0.312046
1.47204
0.338855
0.00983699
8.73205e-15
1.46108
1.77452
