0 0
1 58
2 5
3 81
4 89
5 74
6 91
7 85
8 84
9 32
10 97
11 60
12 90
13 36
14 30
15 27
16 60
17 23
18 34
19 25
20 17
21 59
22 2
23 82
24 71
25 64
26 52
27 82
28 63
29 38
30 9
31 78
32 29
33 57
34 93
35 91
36 55
37 92
38 23
39 20
40 18
41 79
42 93
43 98
44 20
45 11
46 87
47 71
48 14
49 34
50 46
51 58
52 42
53 54
54 40
55 1
56 92
57 79
58 17
59 38
60 96
61 86
62 97
63 70
64 12
65 58
66 16
67 66
68 86
69 92
70 10
71 27
72 15
73 94
74 31
75 18
76 35
77 53
78 33
79 57
80 100
81 5
82 45
83 55
84 54
85 91
86 65
87 58
88 82
89 49
90 39
91 1
92 6
93 1
94 38
95 32
96 80
97 76
98 60
99 4
100 24
101 11
102 46
103 15
104 63
105 10
106 74
107 11
108 70
109 11
110 80
111 7
112 96
113 27
114 8
115 93
116 48
117 65
118 39
119 60
120 55
121 64
122 67
123 63
124 66
125 79
126 97
127 36
128 81
129 26
130 89
131 55
132 8
133 80
134 81
135 37
136 92
137 14
138 81
139 27
140 92
141 92
142 68
143 42
144 31
145 23
146 28
147 75
148 71
149 18
150 43
151 82
152 13
153 19
154 93
155 51
156 73
157 60
158 74
159 51
160 54
161 21
162 1
163 64
164 56
165 87
166 68
167 59
168 69
169 65
170 39
171 56
172 35
173 97
174 74
175 45
176 85
177 58
178 19
179 1
180 51
181 90
182 51
183 46
184 51
185 47
186 29
187 47
188 35
189 94
190 14
191 52
192 39
193 49
194 33
195 11
196 71
197 91
198 13
199 81
200 16
