0.18735
1.18551e-28
0.113948
2.51537e-12
1.05001e-05
1.03598e-20
2.87779e-17
7.45504e-35
1.6163e-13
0.774786
3.72484e-07
2.18934
9.99114e-22
2.12954e-43
1.21036e-43
3.00913
1.42052e-08
0.000266171
1.63089e-68
0.335413
3.01744e-19
17.7377
0.000331521
5.15578e-06
1.78923e-23
4.09014e-32
9.62676e-13
0.000157124
1.41618e-06
3.44593e-09
0.0615916
1.20952e-13
0.00243959
9.28274e-05
2.86102e-08
5.78127e-79
0.000350414
4.94157
0.00971162
1.43289e-44
2.2125e-17
0.00730379
0.441624
6.24385
19.2922
0.0839489
8.17627e-72
0.000416655
0.183007
0.263028
8.96216
2.52836e-39
6.99666e-25
8.2461e-17
2.72136e-56
4.70962e-05
1.94625e-119
8.95205e-10
7.87421e-40
0.000194128
0.027858
5.24626e-11
1.35218
5.86866e-17
6.57931e-25
2.19841
9.50366
0.0601161
5.41959e-21
2.8295
4.56689e-18
0.200837
3.62358e-16
3.26151e-69
2.07563e-23
5.39912e-09
4.54107
7.56627e-12
0.0206736
6.59365e-15
2.84776e-09
5.85925e-11
2.31134e-17
1.50205e-28
1.74522e-42
2.0359
2.29647
9.23089e-10
1.49951e-61
1.07372e-07
0.108535
0.918987
0.000297512
8.43348
2.42291e-56
21.5585
5.36451
0.0216694
25.1163
0.00119404
0.0774187
8.55297e-05
0.00117948
1.09358e-05
1.26791e-11
0.625268
2.29129
0.250561
1.17497e-09
4.84679
1.88703e-26
0.000214404
0.374003
0.0462379
5.50888e-20
1.42387e-14
3.59244e-17
1.16578e-20
3.04431e-05
0.727565
3.52905e-05
5.40939e-30
2.27412e-07
0.669326
4.4611e-23
1.61141e-05
0.00151289
4.89185e-28
7.49349e-45
5.46297e-09
7.10785e-10
5.56368e-14
0.00682913
0.00416373
0.00814787
0.00858095
9.47454e-05
5.44581e-08
0.0132771
0.000114159
5.98041e-18
0.00109593
6.65501e-31
8.13537e-17
6.74284e-27
1.12064e-05
1.43124e-25
0.0322932
0.00256767
3.71092e-06
0.000147032
3.35155e-09
1.35659e-15
8.25887e-44
0.825118
1.72691e-16
0.129775
1.04704e-13
9.70008e-25
1.31437
1.10989
0.67993
0.00113377
1.61449e-48
2.59405e-37
1.38603e-18
19.8421
6.59534e-81
8.85125e-53
0.000881223
2.08643e-07
0.28182
6.29685e-09
0.212173
0.00219271
9.8935e-07
2.67914e-06
0.00562449
3.63201e-07
0.997551
3.35235e-06
0.0499116
0.0215826
9.92621e-78
4.8512e-63
2.20009e-07
0.472947
1.39649e-09
12.6268
2.92278e-11
6.07982e-06
2.19859e-39
2.87137e-10
1.07495e-07
1.29622e-47
2.26177e-11
2.88081e-11
5.87221e-35
0.00497142
0.000337757
