0 0
1 53
2 17
3 95
4 70
5 6
6 98
7 2
8 15
9 31
10 49
11 67
12 34
13 83
14 87
15 76
16 49
17 24
18 59
19 32
20 85
21 16
22 78
23 22
24 43
25 32
26 14
27 86
28 59
29 76
30 65
31 25
32 85
33 92
34 78
35 45
36 21
37 74
38 33
39 86
40 32
41 2
42 61
43 58
44 77
45 58
46 42
47 28
48 4
49 27
50 90
51 21
52 64
53 63
54 100
55 2
56 48
57 99
58 28
59 48
60 69
61 68
62 43
63 100
64 27
65 12
66 55
67 29
68 15
69 93
70 75
71 44
72 81
73 36
74 25
75 3
76 14
77 70
78 40
79 96
80 92
81 72
82 7
83 2
84 22
85 34
86 90
87 14
88 22
89 21
90 93
91 22
92 16
93 71
94 46
95 89
96 20
97 58
98 32
99 94
100 15
101 10
102 72
103 100
104 16
105 17
106 59
107 40
108 34
109 97
110 50
111 93
112 95
113 90
114 5
115 72
116 6
117 29
118 77
119 28
120 6
121 54
122 50
123 11
124 48
125 58
126 88
127 89
128 75
129 62
130 3
131 42
132 61
133 17
134 60
135 15
136 36
137 44
138 68
139 51
140 51
141 73
142 16
143 97
144 87
145 84
146 46
147 88
148 45
149 41
150 45
151 58
152 7
153 23
154 26
155 98
156 60
157 75
158 66
159 100
160 38
161 25
162 90
163 64
164 24
165 89
166 18
167 47
168 20
169 94
170 51
171 73
172 76
173 70
174 90
175 64
176 38
177 48
178 35
179 12
180 75
181 53
182 76
183 70
184 93
185 38
186 100
187 2
188 44
189 57
190 75
191 27
192 34
193 29
194 85
195 75
196 18
197 66
198 34
199 12
200 40
