4.02986
0.892744
2.13157
1.77429
3.31263
2.33567
3.8562
2.61281
1.04689
2.00358
0.947198
2.79181
5.00107
5.88236
0.786879
1.16088
1.22503
7.91295
0.942851
2.78885
0.8768
1.41125
1.76194
3.73386
4.19558
2.05422
1.00957
2.0437
2.18579
0.91499
2.33105
1.41514
1.58389
1.90971
7.17992
1.60147
0.96759
0.95621
4.6505
2.58858
1.21064
1.08357
0.914599
1.0856
1.04812
5.74089
1.04844
0.872281
1.0359
0.890807
5.4388
3.39167
3.08234
5.93893
1.75522
12.9226
2.07443
4.35036
1.68845
1.04503
2.26513
1.04593
2.40465
3.90683
1.10126
0.933401
1.01748
2.84348
0.840855
2.53533
0.942498
3.01065
7.49872
3.04149
2.15977
0.905098
1.64444
1.34205
2.7089
1.64004
2.42113
2.91415
4.31286
4.85508
1.09147
0.888914
2.24347
7.58085
2.06679
1.1288
0.976055
1.50318
0.843969
7.22332
0.838602
0.910392
0.914199
0.959392
1.4249
1.11773
1.63767
1.22894
1.6539
2.4206
0.872293
0.941999
0.873142
2.30719
1.09565
4.12526
1.43196
0.971019
0.894296
3.04292
2.47168
2.71998
2.97594
1.70087
1.08732
1.60295
3.50963
2.17933
0.844456
3.72166
1.03961
1.15595
2.90293
4.73629
2.28474
2.42856
2.066
1.42493
1.01792
0.953724
0.96996
1.56681
2.17732
1.09066
1.39329
3.08297
1.67541
5.00019
2.48959
4.21987
1.72104
3.24899
0.905213
1.2011
1.10082
1.20726
2.31688
3.02619
5.88062
0.945864
3.24815
1.16755
2.41464
2.73523
0.81263
0.830752
0.942473
1.09429
6.67727
4.90511
2.71207
1.07559
8.73088
6.36008
1.50522
2.29472
0.951565
2.14742
1.01376
1.38298
1.84677
1.93105
1.19665
1.7061
1.00973
1.89167
1.03076
1.11279
8.56933
7.12521
1.8252
0.845912
2.30212
0.928716
1.42372
1.73631
4.29664
2.15039
2.05619
4.6371
2.40229
2.26875
5.37988
1.03764
1.25562
6.79252
