3.01256
1.59112e-27
2.67947
1.43695e-06
0.00116376
7.02084e-19
1.89807e-08
2.24007e-25
3.39402e-11
3.00729
1.82465e-05
3.11639
4.5278e-13
4.89898e-40
6.15802e-52
1.31657
1.90638
1.25174
1.28133e-80
3.09369
4.86926e-13
2.49853
0.213276
0.00143201
6.98674e-24
1.32774e-29
6.79159e-06
3.18347
8.3561e-06
4.69625e-07
2.89581
2.10052e-08
0.203968
0.022874
0.000106872
4.1864e-70
0.0177432
3.19165
3.15605
1.95934e-35
6.01086e-11
1.38852
2.71447
2.89243
2.69571
2.99914
5.34091e-50
2.99701
2.44404
3.07382
2.65852
6.80274e-46
8.43462e-20
2.9752e-16
1.02712e-52
0.00160188
2.63638e-155
4.54893e-06
1.44123e-31
0.00473086
3.01931
8.77098e-08
3.01355
4.11124e-09
5.33533e-26
2.54374
3.03652
3.1584
1.26428e-13
2.0378
2.08518e-10
3.09175
1.87657e-15
1.16977e-74
8.51894e-16
8.0561e-07
2.80538
0.00935621
0.448887
3.41332e-12
0.0100017
2.83963e-09
2.16465e-14
4.33126e-31
4.13935e-38
2.64006
2.63776
1.39315e-07
7.76587e-76
5.29579e-06
2.25551
3.20757
0.0691117
2.07957
1.00864e-70
2.00747
2.85499
2.88894
3.16764
0.182145
2.37379
0.0103665
1.21589
0.00809862
2.87319e-09
2.44418
3.08898
2.45451
3.53625e-08
2.59952
1.01956e-28
0.167656
3.19919
2.69602
8.21042e-16
9.0269e-10
2.61084e-12
4.54273e-15
0.00388396
2.6796
0.0173634
3.43659e-21
5.37226e-07
2.08608
9.82299e-24
3.0526
1.95998
2.86892e-14
1.4925e-36
5.75206e-08
2.40164e-09
5.37916e-06
0.182089
3.1568
3.14611
3.19702
0.0291498
5.60136e-07
2.64781
0.261063
2.92688e-16
0.00580548
5.03304e-40
5.99071e-10
6.55172e-30
0.00280809
3.80914e-18
2.80649
1.483
2.54814
1.42167
2.86335e-08
1.26093e-15
6.5049e-52
3.10967
3.89444e-18
1.83419
3.28528e-09
1.80369e-12
1.65542
1.90122
3.09161
2.61277
5.43351e-63
9.084e-39
3.16115e-12
2.78612
1.62649e-92
1.50348e-58
0.0672906
4.63512e-08
3.13686
1.03883e-06
3.17106
0.292374
0.000332522
7.20634e-05
1.52805
0.00357279
3.18305
0.000148611
3.10093
2.42557
3.74241e-90
2.51286e-69
0.000485742
2.10552
3.94776e-08
3.0043
0.184669
0.00218903
6.96534e-31
9.77176e-07
6.53235e-06
2.92572e-35
4.33447e-09
8.1157e-08
4.2434e-45
3.06405
0.987127
