0 0
1 13
2 45
3 84
4 86
5 70
6 9
7 95
8 6
9 19
10 35
11 24
12 40
13 74
14 36
15 33
16 8
17 60
18 18
19 6
20 71
21 5
22 59
23 72
24 16
25 85
26 33
27 4
28 64
29 77
30 32
31 11
32 66
33 9
34 65
35 51
36 66
37 6
38 54
39 56
40 94
41 31
42 57
43 33
44 10
45 52
46 57
47 30
48 20
49 15
50 44
51 51
52 80
53 67
54 95
55 8
56 12
57 10
58 17
59 29
60 85
61 4
62 95
63 49
64 17
65 19
66 9
67 61
68 20
69 86
70 5
71 39
72 77
73 82
74 2
75 90
76 7
77 86
78 37
79 66
80 84
81 14
82 13
83 86
84 7
85 57
86 77
87 67
88 44
89 32
90 52
91 15
92 76
93 88
94 4
95 83
96 86
97 94
98 33
99 89
100 83
101 36
102 45
103 36
104 35
105 54
106 27
107 2
108 54
109 95
110 55
111 70
112 99
113 93
114 50
115 58
116 8
117 30
118 8
119 12
120 62
121 76
122 59
123 39
124 42
125 7
126 9
127 12
128 91
129 49
130 38
131 61
132 3
133 95
134 60
135 5
136 90
137 25
138 95
139 30
140 72
141 3
142 40
143 8
144 28
145 26
146 4
147 44
148 85
149 50
150 12
151 22
152 74
153 63
154 81
155 19
156 16
157 98
158 12
159 53
160 64
161 26
162 49
163 62
164 57
165 8
166 9
167 4
168 36
169 76
170 12
171 91
172 45
173 25
174 28
175 10
176 86
177 42
178 24
179 25
180 11
181 28
182 44
183 43
184 79
185 32
186 96
187 72
188 88
189 64
190 58
191 87
192 37
193 5
194 52
195 62
196 51
197 51
198 35
199 27
200 12
