0 0
1 100
2 10
3 71
4 59
5 23
6 73
7 86
8 5
9 76
10 17
11 52
12 56
13 15
14 9
15 32
16 36
17 43
18 26
19 60
20 26
21 63
22 72
23 72
24 24
25 35
26 11
27 65
28 5
29 82
30 59
31 58
32 76
33 51
34 37
35 21
36 97
37 38
38 3
39 55
40 6
41 55
42 61
43 71
44 72
45 19
46 38
47 52
48 74
49 71
50 84
51 39
52 45
53 4
54 17
55 20
56 99
57 66
58 54
59 50
60 41
61 31
62 34
63 36
64 22
65 86
66 81
67 59
68 8
69 75
70 5
71 80
72 30
73 57
74 65
75 72
76 60
77 54
78 91
79 10
80 72
81 78
82 79
83 81
84 98
85 4
86 98
87 52
88 81
89 48
90 8
91 65
92 26
93 19
94 73
95 5
96 90
97 54
98 84
99 78
100 1
101 13
102 65
103 53
104 92
105 39
106 87
107 43
108 87
109 34
110 91
111 98
112 46
113 99
114 84
115 47
116 15
117 67
118 68
119 83
120 2
121 20
122 17
123 17
124 1
125 56
126 15
127 92
128 1
129 69
130 59
131 78
132 37
133 82
134 44
135 47
136 82
137 49
138 22
139 87
140 56
141 27
142 42
143 83
144 54
145 78
146 62
147 13
148 76
149 53
150 99
151 42
152 73
153 7
154 83
155 93
156 79
157 69
158 52
159 51
160 67
161 6
162 33
163 99
164 31
165 21
166 78
167 8
168 45
169 37
170 68
171 6
172 77
173 46
174 57
175 66
176 67
177 61
178 64
179 35
180 100
181 61
182 81
183 58
184 40
185 88
186 10
187 45
188 43
189 73
190 6
191 51
192 21
193 29
194 96
195 24
196 20
197 38
198 47
199 21
200 73
