0 0
1 64
2 70
3 22
4 33
5 11
6 70
7 52
8 55
9 90
10 76
11 88
12 12
13 93
14 74
15 23
16 55
17 62
18 14
19 37
20 67
21 50
22 100
23 22
24 21
25 63
26 8
27 31
28 41
29 91
30 76
31 100
32 29
33 74
34 81
35 60
36 61
37 36
38 49
39 66
40 28
41 98
42 63
43 99
44 5
45 45
46 24
47 13
48 31
49 30
50 99
51 2
52 93
53 6
54 61
55 3
56 23
57 66
58 70
59 76
60 24
61 97
62 39
63 13
64 35
65 60
66 86
67 6
68 76
69 71
70 51
71 81
72 52
73 33
74 66
75 44
76 69
77 36
78 26
79 100
80 38
81 41
82 21
83 52
84 21
85 58
86 7
87 49
88 30
89 7
90 18
91 25
92 18
93 19
94 60
95 80
96 73
97 97
98 91
99 100
100 89
101 14
102 100
103 91
104 3
105 57
106 100
107 8
108 70
109 30
110 47
111 81
112 45
113 10
114 37
115 2
116 4
117 15
118 41
119 9
120 29
121 1
122 19
123 89
124 29
125 56
126 24
127 73
128 61
129 32
130 41
131 55
132 81
133 99
134 86
135 42
136 20
137 66
138 83
139 52
140 90
141 3
142 2
143 77
144 85
145 66
146 25
147 16
148 13
149 9
150 64
151 98
152 48
153 48
154 22
155 60
156 14
157 50
158 75
159 78
160 94
161 89
162 60
163 46
164 9
165 64
166 53
167 87
168 67
169 17
170 83
171 21
172 17
173 12
174 55
175 52
176 92
177 85
178 50
179 26
180 87
181 45
182 32
183 32
184 76
185 96
186 19
187 81
188 97
189 7
190 75
191 62
192 36
193 38
194 56
195 9
196 74
197 73
198 95
199 5
200 81
