4.6486
0.843221
2.54789
2.02801
3.70573
2.73858
4.46883
2.91704
1.03909
2.27452
0.979361
3.26008
6.25958
6.65296
0.773241
0.960152
1.23743
9.11734
0.966681
2.81943
0.913823
1.38689
1.9668
4.25053
5.19785
2.00327
0.925665
2.30376
2.43893
0.863045
2.85591
1.5484
1.76177
2.14431
8.87496
1.81303
1.03883
0.886803
5.72108
3.17394
1.25415
1.07468
0.947095
1.13652
1.11428
5.96697
0.962277
0.837888
1.01495
0.911338
6.20864
3.47098
3.55609
7.28879
1.99695
14.6851
2.23569
5.49486
1.71833
0.992516
2.79126
1.04226
2.37147
4.46735
1.1021
1.00306
1.04315
2.88308
0.833701
2.96901
0.900094
3.4581
8.97956
3.52239
2.44861
0.945396
1.48303
1.4843
3.10427
1.53228
2.76803
3.41912
4.93648
6.09714
1.20298
0.923353
2.55012
8.65747
2.37721
1.22738
1.00541
1.66177
0.855756
8.23664
0.902341
0.918072
0.833583
1.04247
1.47427
1.0962
1.85593
1.16404
1.83331
2.46031
0.881826
0.985202
0.836385
2.64663
1.22196
4.69899
1.53451
1.02662
0.817794
3.7451
2.95473
3.35849
3.05937
1.92924
1.17412
1.75793
3.51617
2.2745
0.7999
4.25863
0.893612
1.16754
2.79452
5.93812
2.52712
2.75138
1.98627
1.57956
0.933973
0.870004
0.968784
1.59588
2.43241
1.03731
1.35763
3.55793
1.90565
5.57497
3.0077
4.82111
1.95246
3.28237
0.867257
1.15456
0.958849
1.12672
2.67449
3.47625
6.77569
0.920396
3.69874
1.24794
2.90899
3.10799
0.761053
0.818549
0.957821
1.01422
7.58174
5.68921
3.21122
1.12623
10.0758
7.29504
1.66742
2.54448
0.985784
2.37566
1.06601
1.52019
2.04135
2.1838
1.26157
1.67383
1.09286
2.10498
1.02712
1.16431
9.68467
8.49745
1.85223
0.815759
2.65279
1.00423
1.22274
1.9684
5.33303
2.39017
2.28689
5.67559
2.7583
2.30074
6.05434
1.03976
1.20041
7.56512
