2.59605
1.05694e-26
2.32283
5.16817e-08
0.000236072
8.66494e-18
1.70127e-09
5.88154e-25
6.15948e-11
3.0311
5.20961e-06
3.16955
7.86395e-14
5.04053e-43
3.75542e-47
1.50884
3.14685
1.41564
8.01511e-74
3.15845
3.83582e-10
2.95072
0.487121
0.000572723
7.28482e-23
3.83485e-32
0.000338826
3.01942
3.23773e-06
3.39277e-07
2.5306
1.94393e-10
0.106682
0.00905764
4.0892e-05
3.76995e-71
0.00469132
3.03232
2.75034
1.87894e-37
4.32684e-13
1.27998
2.82238
3.11163
2.32024
2.51471
5.52171e-40
3.15107
2.26398
3.12285
2.93476
1.71275e-42
1.11557e-15
1.94388e-16
6.52662e-54
0.000371373
6.10647e-137
9.729e-06
3.83098e-35
0.0155261
3.16537
6.46297e-10
3.01582
1.05787e-06
6.07804e-25
2.61577
3.15079
3.01139
1.16824e-10
2.21707
2.29633e-11
2.85613
1.4511e-15
2.65513e-72
3.88992e-16
2.87654e-07
3.10587
0.205442
0.202951
1.69291e-12
0.126004
9.91529e-10
3.20897e-15
1.5541e-29
2.47361e-41
1.71401
3.00698
4.97067e-08
9.25822e-69
9.61012e-07
1.50031
3.14623
0.0304882
2.45644
3.70987e-64
2.87267
2.97677
2.21574
3.01477
0.2234
2.66286
0.00265874
2.06947
0.00359389
2.35525e-07
2.70738
3.16965
2.24721
8.98522e-09
1.54686
3.39986e-27
0.123161
3.08409
2.03426
3.79272e-18
3.01444e-11
1.09453e-14
4.04742e-12
0.000973582
1.97671
0.00950539
4.42053e-16
5.21187e-06
1.8233
6.10032e-23
2.80621
2.03724
6.08554e-10
1.09721e-39
7.42788e-08
1.3461e-09
0.000433246
0.0766874
3.06017
2.59866
3.16133
0.0642254
3.79048e-07
3.03937
0.617307
1.87126e-16
0.00135135
5.85789e-36
1.0955e-11
2.14708e-28
0.000702168
5.04246e-14
2.57213
2.15652
3.14406
2.40732
5.44562e-09
1.00179e-15
1.89614e-48
2.99037
1.00287e-17
1.32955
7.17094e-11
1.57442e-12
1.36867
2.04307
3.14174
3.1249
4.6547e-57
3.98513e-37
2.07383e-13
2.41158
1.80305e-84
5.5937e-54
0.0285409
5.48618e-08
3.16948
9.8636e-07
2.88024
0.142459
0.000193924
2.21193e-05
1.22212
0.0264718
2.68894
7.46972e-05
3.0822
2.06701
4.12989e-80
5.25223e-67
0.00279408
2.01047
8.04591e-09
3.14859
1.54014
0.000559788
1.67029e-33
7.73468e-07
4.26236e-06
5.49291e-37
1.1856e-09
3.40164e-06
6.87771e-41
3.02792
1.73708
