1.28868
2.96958e-30
1.12528
2.30854e-08
0.000824383
2.90366e-24
4.66604e-12
1.32766e-28
9.97692e-15
0.939937
5.73327e-06
3.86129
1.86262e-19
1.85717e-35
2.00644e-56
6.30062
2.8403e-05
0.0030477
3.37427e-84
2.21347
9.66829e-21
10.456
0.000660959
9.32893e-05
1.4255e-26
1.73314e-28
5.17391e-12
0.00940976
3.58266e-06
1.71785e-09
0.434037
7.03103e-09
0.0240645
0.00213564
1.15962e-06
3.69923e-70
0.0114532
6.24448
0.184931
4.59262e-35
2.35134e-12
0.0583146
0.363276
5.94248
2.55992
0.689165
1.80083e-70
0.0288206
1.8388
0.47254
7.63876
4.91032e-49
6.50443e-29
1.7772e-16
9.16109e-55
0.00107879
4.04616e-167
2.32485e-10
8.09915e-32
1.10162e-05
0.177352
4.01511e-07
1.13074
9.62338e-17
1.0985e-28
0.780675
9.20648
0.503876
9.7078e-22
5.78166
3.85323e-14
1.54148
2.21434e-15
6.36358e-76
1.28479e-19
5.91525e-08
7.18223
1.86739e-09
0.131084
2.62114e-14
2.49459e-08
2.14217e-09
1.54887e-16
2.17728e-30
1.3828e-34
4.32577
6.12662
3.15979e-09
1.22082e-85
4.25981e-06
1.15963
2.9314
0.00462054
8.6185
3.86138e-76
12.4942
5.61314
0.520933
12.3698
0.000451456
0.132433
0.00174179
0.00592878
0.000138718
2.0241e-14
2.93487
5.6576
2.03594
2.69036e-08
6.53634
7.78836e-31
0.00220768
2.38729
0.630221
5.41567e-15
1.23926e-11
7.22986e-12
1.28082e-22
0.0011052
2.98367
0.000261934
2.34946e-32
2.63033e-10
2.79233
2.52306e-25
0.0029908
0.027475
3.87678e-26
1.86939e-37
1.09264e-10
1.76351e-09
5.61097e-13
0.0331022
0.0874741
0.227261
0.401842
5.42285e-05
2.13587e-08
0.129751
0.000431006
2.50146e-16
0.0169704
2.21204e-47
2.70576e-12
9.09721e-32
0.00135945
5.11036e-28
0.710634
0.0139063
0.000704268
0.00383855
1.04754e-06
8.71555e-14
3.96151e-56
1.81562
2.40956e-15
0.854689
4.07189e-10
5.35657e-19
4.20816
4.80074
2.39025
0.0275307
5.94213e-65
7.74234e-41
2.55169e-15
4.07689
1.57439e-98
7.11341e-55
0.00638032
6.65305e-09
1.78895
4.3061e-09
1.41191
0.050427
1.55437e-06
1.21076e-05
0.110575
2.2648e-07
4.36835
9.96726e-06
0.280673
0.199568
1.08482e-87
3.30208e-72
9.17592e-08
2.94488
2.34216e-08
9.47116
8.17417e-08
0.000210016
2.87566e-32
2.06741e-10
1.10489e-07
1.1084e-37
1.19598e-10
5.75589e-13
7.40476e-49
0.134627
0.00426159
