0 0
1 13
2 75
3 73
4 43
5 31
6 80
7 30
8 52
9 13
10 49
11 95
12 10
13 8
14 6
15 66
16 89
17 45
18 55
19 96
20 15
21 98
22 28
23 28
24 5
25 49
26 1
27 96
28 31
29 21
30 31
31 24
32 9
33 2
34 1
35 47
36 77
37 95
38 72
39 67
40 84
41 7
42 30
43 71
44 35
45 10
46 23
47 87
48 34
49 98
50 36
51 2
52 22
53 55
54 34
55 11
56 49
57 80
58 81
59 6
60 68
61 26
62 98
63 38
64 10
65 50
66 80
67 46
68 41
69 98
70 82
71 69
72 27
73 13
74 6
75 52
76 75
77 78
78 76
79 57
80 32
81 68
82 100
83 56
84 2
85 60
86 81
87 38
88 88
89 83
90 68
91 99
92 4
93 2
94 40
95 11
96 8
97 8
98 74
99 62
100 78
101 75
102 98
103 58
104 7
105 30
106 44
107 24
108 25
109 18
110 71
111 73
112 42
113 71
114 91
115 46
116 99
117 57
118 45
119 22
120 57
121 99
122 95
123 69
124 83
125 87
126 89
127 5
128 34
129 46
130 19
131 77
132 87
133 54
134 30
135 96
136 6
137 19
138 4
139 2
140 90
141 31
142 76
143 99
144 82
145 5
146 58
147 37
148 31
149 39
150 74
151 59
152 44
153 50
154 89
155 1
156 93
157 44
158 71
159 27
160 98
161 9
162 73
163 78
164 37
165 37
166 52
167 14
168 83
169 1
170 53
171 11
172 28
173 84
174 26
175 40
176 69
177 17
178 97
179 79
180 19
181 56
182 43
183 49
184 45
185 42
186 71
187 51
188 60
189 12
190 64
191 57
192 7
193 92
194 83
195 1
196 34
197 41
198 48
199 24
200 50
