0 121
1 54
2 148
3 109
4 171
5 43
6 192
7 138
8 33
9 160
10 138
11 18
12 21
13 50
14 160
15 30
16 76
17 21
18 18
19 131
20 80
21 193
22 125
23 124
24 99
25 11
26 57
27 125
28 120
29 1
30 33
31 198
32 45
33 170
34 105
35 166
36 22
37 181
38 128
39 98
40 154
41 197
42 7
43 10
44 138
45 191
46 168
47 162
48 163
49 3
50 80
51 162
52 137
53 70
54 59
55 181
56 76
57 129
58 6
59 89
60 39
61 174
62 131
63 154
64 46
65 199
66 166
67 120
68 65
69 199
70 76
71 27
72 106
73 140
74 196
75 117
76 31
77 189
78 85
79 49
80 93
81 145
82 15
83 137
84 139
85 17
86 79
87 28
88 102
89 150
90 153
91 98
92 9
93 76
94 154
95 106
96 162
97 148
98 111
99 20
100 112
101 27
102 19
103 77
104 119
105 151
106 137
107 58
108 19
109 18
110 29
111 43
112 193
113 158
114 13
115 60
116 105
117 74
118 115
119 41
120 14
121 129
122 126
123 22
124 113
125 110
126 82
127 86
128 142
129 157
130 6
131 186
132 1
133 67
134 20
135 114
136 54
137 87
138 86
139 155
140 157
141 131
142 72
143 163
144 159
145 27
146 101
147 24
148 190
149 38
150 80
151 2
152 71
153 109
154 143
155 76
156 14
157 143
158 95
159 100
160 152
161 160
162 181
163 45
164 171
165 160
166 73
167 130
168 105
169 11
170 8
171 124
172 30
173 189
174 68
175 150
176 1
177 27
178 119
179 117
180 126
181 85
182 186
183 65
184 108
185 124
186 67
187 16
188 77
189 57
190 150
191 115
192 117
193 136
194 38
195 36
196 12
197 31
198 186
199 101
200 17
0 0
1 28
2 14
3 79
4 54
5 151
6 46
7 50
8 120
9 64
10 161
11 55
12 21
13 85
14 119
15 199
16 156
17 85
18 87
19 135
20 132
21 181
22 127
23 90
24 172
25 52
26 33
27 94
28 71
29 196
30 15
31 16
32 6
33 93
34 80
35 99
36 104
37 178
38 180
39 90
40 113
41 43
42 104
43 170
44 173
45 183
46 148
47 170
48 192
49 35
50 9
51 139
52 182
53 179
54 177
55 151
56 156
57 107
58 47
59 95
60 13
61 13
62 175
63 136
64 13
65 19
66 10
67 167
68 177
69 57
70 139
71 136
72 153
73 64
74 190
75 200
76 56
77 69
78 16
79 144
80 149
81 24
82 78
83 26
84 29
85 144
86 168
87 166
88 67
89 171
90 151
91 35
92 176
93 98
94 14
95 19
96 83
97 100
98 76
99 122
100 139
101 146
102 159
103 104
104 51
105 152
106 190
107 194
108 85
109 167
110 199
111 131
112 79
113 105
114 134
115 18
116 132
117 56
118 172
119 188
120 67
121 190
122 93
123 131
124 41
125 80
126 10
127 13
128 189
129 93
130 129
131 197
132 78
133 71
134 28
135 190
136 86
137 129
138 142
139 133
140 13
141 94
142 146
143 194
144 44
145 35
146 80
147 124
148 51
149 156
150 114
151 25
152 152
153 71
154 177
155 147
156 151
157 135
158 16
159 73
160 167
161 181
162 101
163 190
164 45
165 125
166 138
167 34
168 182
169 171
170 53
171 31
172 178
173 2
174 112
175 105
176 75
177 116
178 174
179 4
180 3
181 92
182 117
183 73
184 19
185 199
186 6
187 123
188 141
189 31
190 81
191 125
192 190
193 175
194 61
195 44
196 43
197 186
198 196
199 85
200 127
0 0
0 0
1 121
2 157
3 196
4 67
0 0
1 5
0 0
1 6
2 88
3 92
4 32
5 37
6 65
7 14
8 45
9 61
10 35
11 10
12 55
13 86
14 52
15 43
16 78
17 7
18 92
19 52
20 41
21 58
22 9
23 86
24 93
25 32
26 54
27 32
28 77
29 20
30 29
31 8
32 51
33 44
34 18
35 48
36 20
37 84
38 43
39 32
40 72
41 47
42 51
43 87
44 8
45 35
46 98
47 54
48 99
49 32
50 10
51 75
52 55
53 38
54 76
55 69
56 40
57 65
58 67
59 33
60 88
61 11
62 10
63 41
64 28
65 15
66 83
67 76
68 96
69 93
70 62
71 48
72 55
73 12
74 94
75 59
76 67
77 82
78 78
79 21
80 44
81 51
82 63
83 59
84 32
85 8
86 10
87 96
88 9
89 100
90 16
91 21
92 13
93 7
94 14
95 93
96 85
97 89
98 44
99 2
100 75
101 70
102 83
103 80
104 35
105 21
106 53
107 64
108 35
109 17
110 11
111 30
112 77
113 19
114 48
115 13
116 21
117 73
118 34
119 32
120 98
121 41
122 67
123 24
124 90
125 78
126 48
127 75
128 59
129 83
130 64
131 18
132 81
133 57
134 19
135 99
136 59
137 80
138 47
139 86
140 17
141 43
142 46
143 82
144 98
145 81
146 88
147 73
148 6
149 50
150 97
151 53
152 17
153 6
154 8
155 44
156 52
157 77
158 90
159 48
160 73
161 69
162 54
163 9
164 71
165 4
166 58
167 65
168 5
169 44
170 41
171 95
172 17
173 53
174 60
175 40
176 20
177 36
178 53
179 71
180 33
181 51
182 43
183 22
184 96
185 60
186 58
187 84
188 92
189 88
190 32
191 59
192 59
193 55
194 22
195 35
196 89
197 4
198 28
199 63
200 81
