0 0
1 92
2 90
3 74
4 41
5 72
6 90
7 57
8 90
9 76
10 13
11 97
12 30
13 1
14 39
15 87
16 45
17 72
18 36
19 77
20 3
21 66
22 24
23 83
24 73
25 92
26 18
27 76
28 73
29 94
30 31
31 61
32 54
33 91
34 10
35 41
36 51
37 79
38 55
39 24
40 39
41 36
42 93
43 4
44 11
45 24
46 9
47 83
48 36
49 36
50 65
51 8
52 52
53 50
54 9
55 41
56 15
57 97
58 45
59 25
60 83
61 15
62 28
63 78
64 81
65 43
66 36
67 37
68 58
69 32
70 39
71 31
72 91
73 49
74 82
75 63
76 25
77 17
78 95
79 56
80 6
81 6
82 72
83 16
84 68
85 82
86 81
87 39
88 11
89 99
90 63
91 64
92 28
93 6
94 57
95 56
96 66
97 83
98 24
99 46
100 52
101 96
102 73
103 70
104 71
105 19
106 54
107 36
108 9
109 17
110 70
111 6
112 75
113 5
114 40
115 84
116 62
117 52
118 14
119 72
120 9
121 33
122 9
123 66
124 75
125 12
126 95
127 75
128 27
129 79
130 39
131 71
132 10
133 7
134 48
135 65
136 45
137 96
138 73
139 74
140 13
141 44
142 21
143 61
144 18
145 44
146 58
147 89
148 72
149 39
150 63
151 86
152 86
153 43
154 76
155 68
156 25
157 83
158 16
159 13
160 6
161 60
162 85
163 83
164 72
165 39
166 11
167 82
168 37
169 81
170 22
171 34
172 74
173 63
174 9
175 47
176 64
177 6
178 99
179 78
180 76
181 12
182 66
183 86
184 76
185 58
186 14
187 97
188 74
189 94
190 28
191 3
192 47
193 43
194 74
195 17
196 89
197 82
198 10
199 63
200 27
