42.691
13.8817
14.241
28.5125
35.9275
14.2538
27.3146
31.639
10.7269
29.9721
16.3024
22.108
40.8082
50.7547
14.5384
9.73797
20.069
63.0497
16.9224
3.61147
14.9455
7.69234
27.1511
40.0696
18.3991
4.9506
15.6848
29.1939
29.513
16.0354
19.7252
23.7299
25.6578
28.2164
41.523
26.1803
18.0659
15.801
26.659
22.5127
20.4436
10.6329
14.8954
12.4412
18.9624
3.83538
11.9791
14.428
11.4135
12.9231
49.3476
3.01891
37.6353
44.3865
28.5253
82.3242
27.2839
33.5763
7.2028
10.4163
19.3346
10.5596
4.05411
41.4088
10.3677
17.9752
18.0525
3.22196
13.6401
10.7294
12.3643
37.0259
52.7609
11.5867
30.0359
16.9857
6.67265
23.3141
34.2291
6.5611
32.9579
8.11713
44.8663
39.0867
20.8138
16.7438
31.1771
57.4461
30.6359
21.1584
18.0652
25.2629
13.8226
57.3814
17.8002
11.6966
10.6897
18.1626
21.7742
10.0685
26.3744
8.94315
25.1287
4.84835
16.5072
17.7232
11.7596
32.4074
21.6146
42.3658
23.1869
19.1647
12.4073
27.4291
12.1556
25.294
3.36155
27.7959
20.0873
25.4938
2.73924
5.56264
12.7903
40.6852
10.3683
18.7854
3.108
36.5549
30.0422
32.5983
5.12602
24.066
9.44692
12.0007
17.4599
6.58103
29.9762
9.1445
7.8062
37.9307
27.4735
43.949
20.7052
43.5912
27.9345
3.08511
16.0107
9.55471
10.0873
8.42605
33.725
38.4272
51.0478
11.7876
40.128
21.0903
15.6796
7.23927
11.9902
15.3592
15.8382
8.86936
56.1624
48.7202
9.0613
12.439
65.8522
58.7722
24.5316
30.4492
17.4061
29.1727
19.1628
23.554
27.1826
29.2522
20.6023
5.99716
20.004
28.6025
18.828
20.4095
69.3534
50.2992
5.58547
13.9867
32.3471
17.9908
6.7969
27.0611
13.6541
29.2989
29.0783
25.6976
32.5804
4.71312
47.9638
18.4408
8.45805
51.1183
