0
0
1.46527e-207
6.95676e-215
0
0
3.80042e-215
0
0
5.73368e-144
0
0
0
0
0
5.87124e-221
2.22734e-124
0
0
0
1.49307e-11
0
1.23537e-84
0
0
0
4.49894e-34
0
0
0
0
0
0
0
0
0
0
0
0
0
0
0
4.26059e-142
0
2.40217e-178
0
3.71085e-15
4.92775e-169
1.05422e-218
1.11649e-157
4.32647e-188
0
0.0189794
0
0
0
0
0
0
2.51429e-75
8.56719e-138
0
1.22092e-140
9.47721e-19
0
7.8984e-137
0
0
1.73227e-05
1.21156e-202
5.1161e-144
8.54125e-177
0
0
3.77494e-161
0
0
2.32989e-65
0
0
2.80471e-63
0
8.75841e-93
0
0
0
0
0
0
0
0
0
0
2.34913e-206
0
0
2.34445e-163
3.1585e-143
0
0
6.6666e-131
0
8.52367e-109
0
2.77044e-32
0
0
1.27362e-164
0
0
0
0
0
1.16241e-177
0
1.37716e-172
0
1.25342e-07
0
0
0
199.978
5.7684e-45
2.11713e-185
0
7.66509e-137
0
0.000903754
0
0
0
3.64708e-37
0
1.18063e-118
1.81696e-169
0
1.19284e-63
0
9.95869e-113
8.19447e-87
0
0
0
0
0
0
0.00198403
0
9.00241e-121
2.82988e-131
9.51422e-99
0
0
0
3.48997e-165
0
0
0
5.13046e-76
2.95591e-169
0
0
2.33993e-107
0
0
4.21196e-111
2.6607e-178
0
0
0
0
0
0
0
0
0
0
0
7.3192e-53
0
0
0
0
0
0
2.23587e-45
1.06702e-209
0
0
1.10392e-67
0
6.30127e-203
0
0
0
0
6.22448e-30
0
0
2.2847e-99
