0.4	2.19356e-31
0.41	4.62693e-29
0.42	6.20486e-27
0.43	5.52545e-25
0.44	3.39594e-23
0.45	1.49079e-21
0.46	4.81983e-20
0.47	1.1795e-18
0.48	2.23915e-17
0.49	3.37113e-16
0.5	4.10599e-15
0.51	4.11926e-14
0.52	3.45975e-13
0.53	2.46888e-12
0.54	1.51706e-11
0.55	8.12517e-11
0.56	3.83527e-10
0.57	1.61161e-09
0.58	6.08416e-09
0.59	2.08078e-08
0.6	6.49566e-08
0.61	1.8637e-07
0.62	4.94537e-07
0.63	1.22057e-06
0.64	2.81656e-06
0.65	6.10554e-06
0.66	1.24871e-05
0.67	2.41912e-05
0.68	4.4556e-05
0.69	7.8285e-05
0.7	0.000131626
0.71	0.000212403
0.72	0.000329857
0.73	0.000494242
0.74	0.000716209
0.75	0.00100599
0.76	0.00137249
0.77	0.00182236
0.78	0.00235917
0.79	0.00298282
0.8	0.00368913
0.81	0.00446983
0.82	0.0053128
0.83	0.00620257
0.84	0.00712109
0.85	0.00804859
0.86	0.00896457
0.87	0.00984871
0.88	0.0106818
0.89	0.0114463
0.9	0.0121275
0.91	0.0127132
0.92	0.0131946
0.93	0.0135661
0.94	0.0138254
0.95	0.0139732
0.96	0.0140131
0.97	0.0139512
0.98	0.0137955
0.99	0.013556
1	0.0132436
1.01	0.0128703
1.02	0.0124483
1.03	0.0119899
1.04	0.011507
1.05	0.0110108
1.06	0.0105117
1.07	0.0100191
1.08	0.00954079
1.09	0.00908364
1.1	0.00865302
1.11	0.00825302
1.12	0.00788649
1.13	0.00755514
1.14	0.00725965
1.15	0.00699983
1.16	0.00677471
1.17	0.00658276
1.18	0.00642195
1.19	0.00628996
1.2	0.00618422
1.21	0.0061021
1.22	0.00604093
1.23	0.00599812
1.24	0.00597118
1.25	0.0059578
1.26	0.00595585
1.27	0.00596341
1.28	0.00597879
1.29	0.00600048
1.3	0.00602718
1.31	0.00605777
1.32	0.00609126
1.33	0.00612682
1.34	0.00616371
1.35	0.0062013
1.36	0.00623899
1.37	0.00627625
1.38	0.00631256
1.39	0.00634744
1.4	0.00638041
1.41	0.00641098
1.42	0.0064387
1.43	0.00646309
1.44	0.0064837
1.45	0.0065001
1.46	0.00651186
1.47	0.00651859
1.48	0.00651995
1.49	0.00651561
1.5	0.00650532
1.51	0.00648887
1.52	0.0064661
1.53	0.00643691
1.54	0.00640126
1.55	0.00635917
1.56	0.0063107
1.57	0.00625599
1.58	0.0061952
1.59	0.00612855
1.6	0.00605629
1.61	0.00597869
1.62	0.00589609
1.63	0.0058088
1.64	0.0057172
1.65	0.00562164
1.66	0.0055225
1.67	0.00542018
1.68	0.00531506
1.69	0.00520754
1.7	0.00509802
1.71	0.00498689
1.72	0.00487453
1.73	0.00476134
1.74	0.00464769
1.75	0.00453396
1.76	0.00442052
1.77	0.00430772
1.78	0.00419591
1.79	0.00408542
1.8	0.00397658
1.81	0.00386968
1.82	0.00376501
1.83	0.00366285
1.84	0.00356344
1.85	0.003467
1.86	0.00337374
1.87	0.00328383
1.88	0.00319744
1.89	0.00311467
1.9	0.00303564
1.91	0.00296041
1.92	0.00288904
1.93	0.00282154
1.94	0.00275791
1.95	0.00269811
1.96	0.00264209
1.97	0.00258978
1.98	0.00254107
1.99	0.00249586
2	0.002454
2.01	0.00241535
2.02	0.00237975
2.03	0.00234701
2.04	0.00231697
2.05	0.00228943
2.06	0.00226419
2.07	0.00224106
2.08	0.00221983
2.09	0.00220032
2.1	0.00218232
2.11	0.00216564
2.12	0.00215009
2.13	0.0021355
2.14	0.00212168
2.15	0.00210849
2.16	0.00209577
2.17	0.00208337
2.18	0.00207116
2.19	0.00205902
2.2	0.00204686
2.21	0.00203456
2.22	0.00202205
2.23	0.00200926
2.24	0.00199613
2.25	0.00198261
2.26	0.00196867
2.27	0.00195427
2.28	0.00193941
2.29	0.00192408
2.3	0.00190827
2.31	0.00189201
2.32	0.0018753
2.33	0.00185817
2.34	0.00184065
2.35	0.00182276
2.36	0.00180455
2.37	0.00178606
2.38	0.00176732
2.39	0.00174838
2.4	0.00172928
2.41	0.00171006
2.42	0.00169076
2.43	0.00167142
2.44	0.00165208
2.45	0.00163277
2.46	0.00161354
2.47	0.0015944
2.48	0.00157538
2.49	0.00155651
2.5	0.0015378
2.51	0.00151927
2.52	0.00150093
2.53	0.0014828
2.54	0.00146487
2.55	0.00144714
2.56	0.00142962
2.57	0.0014123
2.58	0.00139517
2.59	0.00137823
2.6	0.00136145
2.61	0.00134483
2.62	0.00132835
2.63	0.00131199
2.64	0.00129573
2.65	0.00127956
2.66	0.00126345
2.67	0.0012474
2.68	0.00123136
2.69	0.00121534
2.7	0.0011993
2.71	0.00118323
2.72	0.00116712
2.73	0.00115095
2.74	0.0011347
2.75	0.00111836
2.76	0.00110192
2.77	0.00108538
2.78	0.00106871
2.79	0.00105192
2.8	0.00103501
2.81	0.00101796
2.82	0.00100078
2.83	0.000983476
2.84	0.000966042
2.85	0.000948484
2.86	0.00093081
2.87	0.000913028
2.88	0.000895145
2.89	0.000877174
2.9	0.000859126
2.91	0.000841013
2.92	0.000822851
2.93	0.000804653
2.94	0.000786436
2.95	0.000768218
2.96	0.000750013
2.97	0.000731842
2.98	0.000713721
2.99	0.00069567
3	0.000677706
3.01	0.000659848
3.02	0.000642115
3.03	0.000624524
3.04	0.000607095
3.05	0.000589845
3.06	0.000572791
3.07	0.00055595
3.08	0.000539337
3.09	0.00052297
3.1	0.000506861
3.11	0.000491026
3.12	0.000475478
3.13	0.000460228
3.14	0.000445289
3.15	0.00043067
3.16	0.000416382
3.17	0.000402432
3.18	0.000388829
3.19	0.000375578
3.2	0.000362685
3.21	0.000350155
3.22	0.000337991
3.23	0.000326196
3.24	0.00031477
3.25	0.000303715
3.26	0.00029303
3.27	0.000282715
3.28	0.000272765
3.29	0.00026318
3.3	0.000253955
3.31	0.000245085
3.32	0.000236565
3.33	0.000228389
3.34	0.000220551
3.35	0.000213043
3.36	0.000205858
3.37	0.000198988
3.38	0.000192425
3.39	0.000186158
3.4	0.000180179
3.41	0.000174479
3.42	0.000169047
3.43	0.000163874
3.44	0.00015895
3.45	0.000154263
3.46	0.000149805
3.47	0.000145564
3.48	0.000141531
3.49	0.000137695
3.5	0.000134046
3.51	0.000130574
3.52	0.000127269
3.53	0.000124121
3.54	0.000121122
3.55	0.000118262
3.56	0.000115532
3.57	0.000112923
3.58	0.000110427
3.59	0.000108036
3.6	0.000105743
3.61	0.000103539
3.62	0.000101418
3.63	9.93728e-05
3.64	9.73977e-05
3.65	9.54863e-05
3.66	9.36331e-05
3.67	9.18326e-05
3.68	9.00801e-05
3.69	8.83708e-05
3.7	8.67005e-05
3.71	8.50654e-05
3.72	8.34617e-05
3.73	8.18863e-05
3.74	8.0336e-05
3.75	7.88083e-05
3.76	7.73006e-05
3.77	7.5811e-05
3.78	7.43374e-05
3.79	7.28782e-05
3.8	7.1432e-05
3.81	6.99977e-05
3.82	6.85742e-05
3.83	6.71607e-05
3.84	6.57566e-05
3.85	6.43614e-05
3.86	6.29749e-05
3.87	6.15967e-05
3.88	6.0227e-05
3.89	5.88657e-05
3.9	5.75131e-05
3.91	5.61693e-05
3.92	5.48346e-05
3.93	5.35096e-05
3.94	5.21946e-05
3.95	5.08901e-05
3.96	4.95967e-05
3.97	4.8315e-05
3.98	4.70455e-05
3.99	4.57889e-05
4	4.45457e-05
4.01	4.33167e-05
4.02	4.21023e-05
4.03	4.09033e-05
4.04	3.97202e-05
4.05	3.85536e-05
4.06	3.7404e-05
4.07	3.6272e-05
4.08	3.51582e-05
4.09	3.40628e-05
4.1	3.29866e-05
4.11	3.19297e-05
4.12	3.08926e-05
4.13	2.98757e-05
4.14	2.88791e-05
4.15	2.79033e-05
4.16	2.69485e-05
4.17	2.60147e-05
4.18	2.51022e-05
4.19	2.42111e-05
4.2	2.33414e-05
4.21	2.24933e-05
4.22	2.16666e-05
4.23	2.08615e-05
4.24	2.00777e-05
4.25	1.93154e-05
4.26	1.85742e-05
4.27	1.78541e-05
4.28	1.7155e-05
4.29	1.64765e-05
4.3	1.58185e-05
4.31	1.51808e-05
4.32	1.45631e-05
4.33	1.3965e-05
4.34	1.33864e-05
4.35	1.28268e-05
4.36	1.2286e-05
4.37	1.17636e-05
4.38	1.12592e-05
4.39	1.07725e-05
4.4	1.03032e-05
4.41	9.85072e-06
4.42	9.4148e-06
4.43	8.99502e-06
4.44	8.59098e-06
4.45	8.20228e-06
4.46	7.82852e-06
4.47	7.46928e-06
4.48	7.12418e-06
4.49	6.79279e-06
4.5	6.47473e-06
4.51	6.16959e-06
4.52	5.87698e-06
4.53	5.5965e-06
4.54	5.32776e-06
4.55	5.07038e-06
4.56	4.82398e-06
4.57	4.58819e-06
4.58	4.36265e-06
4.59	4.14699e-06
4.6	3.94086e-06
4.61	3.74392e-06
4.62	3.55582e-06
4.63	3.37625e-06
4.64	3.20486e-06
4.65	3.04136e-06
4.66	2.88544e-06
4.67	2.73679e-06
4.68	2.59512e-06
4.69	2.46016e-06
4.7	2.33162e-06
4.71	2.20926e-06
4.72	2.09279e-06
4.73	1.98199e-06
4.74	1.8766e-06
4.75	1.7764e-06
4.76	1.68115e-06
4.77	1.59064e-06
4.78	1.50466e-06
4.79	1.42301e-06
4.8	1.34549e-06
4.81	1.27192e-06
4.82	1.20211e-06
4.83	1.13589e-06
4.84	1.07309e-06
4.85	1.01355e-06
4.86	9.57121e-07
4.87	9.03649e-07
4.88	8.52995e-07
4.89	8.05022e-07
4.9	7.596e-07
4.91	7.16603e-07
4.92	6.75913e-07
4.93	6.37414e-07
4.94	6.00997e-07
4.95	5.66559e-07
4.96	5.33998e-07
4.97	5.0322e-07
4.98	4.74134e-07
4.99	4.46652e-07
5	4.20691e-07
