4.23659
0.768605
2.25629
1.84963
3.35901
2.42406
4.05951
2.63102
0.983901
2.07441
0.906645
2.83068
5.59154
6.10813
0.701366
0.941591
1.09556
8.47005
0.877123
2.75513
0.841947
1.33961
1.77247
3.86961
4.63831
1.96966
0.839668
2.10723
2.19186
0.768986
2.49642
1.39753
1.60289
1.93236
7.8857
1.66668
0.941148
0.799586
5.08734
2.77621
1.12154
1.02235
0.872151
1.07754
1.00351
5.82696
0.913638
0.771903
0.962872
0.840755
5.70477
3.39364
3.26428
6.4492
1.82938
13.6551
1.99362
4.79075
1.65301
0.946012
2.46528
0.989412
2.33446
4.08774
1.04984
0.925651
0.940311
2.82029
0.759469
2.66643
0.834471
3.18747
8.09364
3.19923
2.23693
0.862129
1.48549
1.34883
2.81174
1.51282
2.5437
3.10101
4.60406
5.42183
1.09879
0.845732
2.3058
7.89324
2.18703
1.11039
0.901264
1.4931
0.787225
7.57709
0.821561
0.857955
0.778782
0.967164
1.30415
1.04567
1.68686
1.12511
1.65335
2.39247
0.792833
0.889569
0.775427
2.43176
1.12171
4.30623
1.36778
0.928026
0.763537
3.3224
2.64749
2.95641
2.97184
1.75964
1.07104
1.58394
3.47637
2.1823
0.745598
3.89877
0.866029
1.04696
2.79667
5.20357
2.26697
2.53629
1.95837
1.42252
0.894485
0.818376
0.875931
1.53095
2.20398
0.992449
1.30988
3.30099
1.77093
5.06798
2.61631
4.42004
1.78219
3.22286
0.780835
1.10925
0.929323
1.09157
2.49889
3.23966
6.19259
0.866739
3.49776
1.13767
2.5811
2.82502
0.703922
0.751038
0.877563
0.975444
7.05904
5.24848
2.88351
1.06718
9.28775
6.92105
1.49844
2.31387
0.892631
2.13671
0.95696
1.38767
1.82136
1.98992
1.13292
1.63249
0.992655
1.90205
0.91012
1.04268
9.26223
7.62467
1.78637
0.747913
2.4318
0.929503
1.22992
1.77753
4.71949
2.13844
2.06479
5.03251
2.50042
2.23823
5.57397
0.930669
1.15584
6.87468
