3.36537
3.29523e-26
1.34086
1.01462e-06
0.00106991
6.59043e-17
4.1135e-08
2.8386e-24
6.37461e-10
3.36813
2.67118e-05
3.02267
9.44941e-12
1.03719e-41
7.23648e-48
0.629337
3.26113
2.78212
4.20184e-77
2.73053
4.74572e-11
2.30498
0.610009
0.00341787
3.1512e-22
1.09437e-30
0.000157238
2.27548
1.50625e-05
3.31686e-06
1.34561
9.82369e-09
0.357014
0.0350491
0.000289239
9.7524e-70
0.015179
3.25893
1.74236
8.09276e-36
3.03254e-11
2.52843
3.29165
2.67466
2.94136
3.34883
1.67465e-44
3.08047
1.38214
3.34063
2.28956
4.74256e-43
2.93338e-17
5.92604e-16
5.4735e-52
0.00145936
1.13043e-144
0.000105639
2.04571e-32
0.0182376
3.28189
1.82555e-08
3.36701
2.32654e-07
1.40054e-24
3.14742
3.16831
3.25471
1.18133e-11
1.22897
3.05946e-10
2.2076
3.44738e-15
2.37899e-72
2.63644e-15
1.45253e-06
2.55722
0.142436
0.562352
1.41924e-11
0.104529
3.79732e-09
2.4461e-14
2.66361e-30
1.03057e-39
2.75197
2.3536
4.00943e-07
7.84473e-70
3.62129e-06
2.64011
2.97502
0.13081
1.57902
7.0558e-66
2.03645
2.50661
1.46958
3.35037
0.822039
3.17352
0.0115332
2.49189
0.0181543
7.61724e-08
1.65275
2.8625
1.42673
3.53679e-08
2.52667
5.62231e-27
0.473546
3.18389
1.27833
1.54498e-16
4.53405e-10
6.12116e-13
4.35733e-13
0.00412171
2.99438
0.0445037
4.18504e-18
3.9451e-06
1.067
1.53667e-22
2.60364
3.16555
1.95978e-11
3.64033e-37
8.31504e-07
4.41113e-09
0.000189345
0.278411
2.91124
1.99386
2.71729
0.084631
2.66007e-06
3.36494
0.784631
2.53805e-16
0.00349581
1.35422e-35
8.63199e-10
3.06908e-28
0.00296211
1.53537e-15
1.49599
2.65125
3.19214
2.81878
9.35135e-09
1.04418e-15
6.9639e-49
2.612
2.52198e-18
2.36174
1.77618e-09
1.06735e-11
0.651023
1.1293
2.73539
3.36316
1.8775e-59
1.09347e-37
3.0147e-12
3.02454
1.60358e-87
9.38613e-58
0.123172
3.44126e-07
2.89309
8.94298e-06
3.32374
0.39269
0.0016485
0.000112368
2.41123
0.0239176
3.36476
0.000470449
3.05199
3.19136
3.40398e-87
1.79909e-66
0.00278462
1.09331
3.5335e-08
3.19327
1.4177
0.00317306
1.32039e-31
8.6721e-06
3.15429e-05
3.47524e-35
9.07002e-09
1.41806e-06
1.67219e-41
3.20051
2.17004
