0 0
1 25
2 27
3 11
4 59
5 10
6 8
7 34
8 87
9 10
10 87
11 96
12 12
13 21
14 60
15 9
16 55
17 66
18 24
19 81
20 60
21 96
22 73
23 44
24 65
25 76
26 76
27 88
28 48
29 89
30 21
31 3
32 40
33 4
34 70
35 91
36 91
37 38
38 52
39 30
40 88
41 99
42 48
43 37
44 64
45 76
46 37
47 56
48 75
49 85
50 39
51 58
52 31
53 22
54 21
55 19
56 98
57 52
58 76
59 10
60 97
61 84
62 80
63 50
64 49
65 28
66 87
67 46
68 89
69 54
70 18
71 99
72 28
73 39
74 15
75 75
76 2
77 45
78 9
79 96
80 2
81 38
82 78
83 35
84 100
85 94
86 50
87 45
88 66
89 2
90 29
91 69
92 23
93 10
94 87
95 50
96 67
97 74
98 51
99 29
100 66
101 43
102 21
103 91
104 14
105 3
106 27
107 97
108 42
109 7
110 35
111 13
112 21
113 49
114 10
115 69
116 72
117 75
118 5
119 69
120 43
121 57
122 75
123 25
124 97
125 25
126 45
127 4
128 21
129 98
130 67
131 29
132 80
133 71
134 80
135 35
136 40
137 17
138 7
139 72
140 24
141 71
142 48
143 87
144 41
145 23
146 18
147 60
148 46
149 30
150 8
151 73
152 63
153 2
154 45
155 81
156 75
157 35
158 34
159 41
160 86
161 2
162 14
163 85
164 6
165 69
166 65
167 14
168 40
169 75
170 79
171 5
172 52
173 12
174 71
175 88
176 46
177 86
178 25
179 99
180 29
181 99
182 43
183 4
184 29
185 100
186 54
187 88
188 4
189 42
190 28
191 64
192 87
193 36
194 75
195 24
196 60
197 88
198 64
199 19
200 5
