3.69411
1.00651
2.05002
1.64473
3.12881
2.27729
3.57636
2.47931
1.13357
1.86038
0.989325
2.7012
4.38387
5.40018
0.887169
1.39916
1.31085
7.15279
0.999303
2.8986
0.907277
1.53018
1.6822
3.4452
3.81802
2.20307
1.16691
1.89585
2.08334
1.03768
2.15966
1.37162
1.5196
1.82671
6.40562
1.50002
0.977704
1.08567
4.17558
2.39532
1.24044
1.18373
0.967827
1.1241
1.091
5.81283
1.1892
0.979067
1.13927
0.945055
4.97961
3.48507
2.79959
5.34622
1.63277
11.7752
2.05161
3.91066
1.77426
1.16905
2.07191
1.13381
2.55866
3.59918
1.18393
0.942332
1.0804
2.96556
0.918424
2.47785
1.03131
2.73152
6.7198
2.94292
2.00671
0.943781
1.85714
1.29985
2.51279
1.82731
2.20637
2.79982
3.88213
4.27745
1.05833
0.940424
2.09947
6.99525
1.89706
1.12093
1.01359
1.46084
0.913638
6.60371
0.853135
0.986779
1.06175
0.927257
1.45845
1.22716
1.55123
1.36107
1.60435
2.50638
0.957008
0.968298
0.98957
2.11269
1.04507
3.77498
1.43375
1.02115
1.03128
2.72702
2.38153
2.46337
3.06188
1.59187
1.07422
1.56605
3.63823
2.23524
0.96111
3.40285
1.2448
1.23316
3.10701
4.25478
2.18447
2.22928
2.22735
1.37733
1.18679
1.09184
1.05722
1.68046
2.04695
1.21276
1.52041
2.78827
1.53053
4.68356
2.34018
3.85535
1.60368
3.37229
1.01764
1.32181
1.30668
1.358
2.07302
2.70897
5.37348
1.04914
2.89328
1.15386
2.27228
2.74759
0.930608
0.921458
1.01232
1.2507
6.07007
4.46715
2.62688
1.10427
7.90701
5.65047
1.45769
2.13463
1.01924
2.04615
1.05386
1.34059
1.79237
1.80129
1.22153
1.85145
1.00614
1.79387
1.10696
1.1556
7.65133
6.43018
1.93714
0.94926
2.10337
0.941841
1.67128
1.64996
3.96081
2.0802
1.95252
4.21777
2.23208
2.37479
4.94623
1.12924
1.38772
6.35547
