3.07042
5.73233e-27
3.56023
1.12196e-06
0.00429827
2.64833e-19
4.9357e-09
2.49123e-25
2.74515e-11
2.34102
6.91797e-05
3.58528
6.57445e-14
6.48399e-37
2.13892e-52
2.80317
0.186627
0.533124
1.4112e-80
3.57632
2.38928e-16
3.06771
0.0287362
0.00220199
1.57354e-23
1.03249e-28
3.05921e-08
1.90517
3.30385e-05
5.22241e-07
3.40424
8.69229e-08
0.264059
0.0338472
0.000137526
2.20256e-68
0.0455664
3.57573
2.94503
7.45432e-34
2.46854e-10
1.0697
1.69388
3.55045
2.46544
2.88243
6.85581e-59
1.62724
3.57798
2.26597
3.43253
6.84097e-46
4.49106e-24
4.1073e-15
1.48435e-51
0.00529578
1.72613e-159
1.08194e-06
4.97207e-30
0.000389258
1.8778
6.79755e-07
2.33782
3.2918e-12
1.20375e-25
1.69145
3.413
3.00508
3.38947e-17
3.19523
2.85361e-11
3.44684
2.81406e-14
1.75341e-73
6.57669e-17
2.97965e-06
3.42353
7.39575e-05
0.599576
1.12768e-11
0.000135858
2.82386e-08
4.08054e-15
1.26879e-29
2.40527e-35
3.23356
3.39864
3.59201e-07
5.48556e-78
3.22049e-05
2.50676
3.53681
0.0807908
3.14234
1.35839e-71
2.28559
3.58505
3.20095
3.28502
0.0835749
1.20141
0.0206177
0.300198
0.00861557
1.33818e-11
3.50469
3.55202
3.58525
2.63833e-07
3.34865
4.18901e-28
0.117855
3.50371
3.44705
3.19327e-14
3.52285e-10
4.18163e-11
1.96522e-18
0.0106231
3.07314
0.0162457
3.45284e-26
1.39556e-08
3.52425
5.92274e-23
1.02859
1.14079
5.09831e-19
5.17626e-35
4.79538e-08
1.61513e-08
1.69328e-08
0.246059
1.65651
2.8724
3.24388
0.00227283
1.20326e-06
1.35481
0.0334286
5.66721e-15
0.0285769
2.15983e-41
1.01437e-09
3.05023e-29
0.00871402
1.53462e-22
3.52007
0.472821
0.557606
0.311472
6.6258e-07
5.29266e-14
5.58102e-52
3.31537
2.78686e-16
2.07417
5.58987e-09
1.79092e-14
3.3163
3.22725
3.54152
0.974656
5.47656e-63
3.76646e-38
5.14014e-13
2.72009
4.27609e-93
2.53149e-56
0.0844748
1.57497e-07
3.51283
1.22519e-06
3.27449
0.382269
0.000272899
0.000228744
1.26013
8.31271e-05
3.56124
0.000264937
2.68622
2.05143
7.86847e-89
8.82878e-69
1.37102e-05
3.46045
3.2803e-07
3.40936
0.00268202
0.00392026
9.52534e-31
5.61575e-07
9.83015e-06
1.80352e-34
1.50786e-08
4.18976e-10
2.21727e-45
2.39794
0.216012
