4.91039
0.832728
2.78419
2.09878
3.8527
3.02257
4.672
3.02877
0.993099
2.37128
0.936273
3.62476
6.95946
6.93205
0.764426
0.952065
1.26864
9.64184
0.953641
2.82905
0.877558
1.34825
2.05782
4.45018
5.65241
1.99364
0.932427
2.36488
2.53663
0.888857
3.18188
1.57568
1.80202
2.22869
9.77336
1.83495
1.0209
0.900806
6.27368
3.5163
1.26874
1.0138
0.911107
1.05204
1.11535
6.33298
0.9243
0.822855
0.951843
0.89023
6.50782
3.49762
3.73524
8.07266
2.10797
15.3894
2.31897
6.21219
1.66037
0.952385
3.06049
0.991454
2.39096
4.70813
1.04179
0.977069
1.03745
2.93032
0.822485
3.22152
0.873508
3.6016
9.71626
3.79281
2.52301
0.930339
1.44542
1.50513
3.26618
1.49565
2.87361
3.6562
5.11813
6.77199
1.20514
0.905615
2.67641
9.08333
2.46719
1.24134
1.01267
1.73657
0.830056
8.6053
0.901207
0.881754
0.838195
1.00321
1.5209
1.03928
1.91445
1.11721
1.87836
2.42023
0.881388
0.967305
0.827898
2.76415
1.21755
4.88022
1.58385
1.03893
0.806921
4.10753
3.19446
3.72236
3.09777
2.00342
1.16606
1.82447
3.56183
2.24142
0.785892
4.44859
0.877126
1.18065
2.84568
6.66871
2.63623
2.81381
1.96808
1.61906
0.925629
0.839591
0.973885
1.58665
2.49154
1.01905
1.31937
3.72126
1.92949
5.80385
3.35515
5.08785
2.02172
3.31099
0.872867
1.10135
0.929846
1.09826
2.76982
3.63338
7.15781
0.882243
3.83751
1.24642
3.16648
3.43842
0.758376
0.811558
0.931506
1.00688
7.94802
6.03482
3.48644
1.04344
10.6319
7.6571
1.70881
2.62194
0.972329
2.47753
1.07755
1.54058
2.13009
2.27929
1.28414
1.65992
1.08723
2.20253
1.05458
1.19248
10.1237
9.22123
1.85132
0.80183
2.76705
0.971249
1.22979
2.03425
5.91886
2.50449
2.37225
6.21878
2.89329
2.29209
6.30214
1.05699
1.17591
7.86984
