2.48174
2.92135e-25
2.28056
1.49542e-08
0.000332738
1.55312e-16
3.12327e-10
3.04333e-23
2.81819e-10
3.07188
7.85252e-06
3.00528
9.56892e-15
1.98641e-43
3.53644e-43
1.55871
3.04925
1.28199
1.42889e-68
3.05255
7.31166e-09
2.67661
0.785601
0.000565618
2.17049e-21
1.08935e-31
0.00127382
2.9916
8.60938e-06
6.89096e-07
2.75872
2.16206e-11
0.125906
0.0123228
5.83243e-05
7.88384e-70
0.00849404
3.01558
2.8363
3.26303e-37
6.58071e-14
1.28128
3.03513
2.89509
2.89212
2.4927
9.56524e-38
2.9589
2.1816
3.04877
2.76812
2.53668e-39
9.15093e-14
1.31289e-15
9.99884e-54
0.000295038
7.47353e-125
1.65624e-05
1.162e-36
0.0555358
3.04994
1.6636e-10
3.07347
5.91291e-06
1.51074e-23
2.93919
3.07859
2.95726
1.42266e-09
2.17784
1.102e-11
2.64523
1.44705e-14
2.77518e-69
4.62522e-16
8.45371e-07
2.98369
0.38606
0.236182
5.13462e-12
0.256014
3.57112e-09
5.44886e-15
4.8648e-27
1.01896e-41
1.77146
2.8647
8.12976e-08
2.99029e-63
1.93987e-06
1.48467
3.0379
0.0252057
2.2541
9.96552e-59
2.83873
2.70805
2.33387
3.05777
0.20611
2.94977
0.00335173
2.47883
0.00513939
3.86491e-06
2.70536
3.07298
2.23255
2.05462e-08
1.67129
5.27631e-25
0.116687
2.95121
2.01606
1.40389e-18
1.74644e-11
1.65685e-15
8.92435e-11
0.0011274
2.09191
0.00956926
2.93673e-14
4.89495e-05
1.79069
2.23764e-21
2.67331
1.97202
5.60015e-09
8.84861e-41
1.51318e-07
9.33049e-09
0.0017483
0.0834743
2.9646
2.3473
3.07758
0.113659
1.35234e-06
3.02099
0.947949
1.69015e-15
0.00279766
5.02744e-33
1.10642e-12
8.85873e-27
0.000895637
2.37528e-12
2.64017
2.59403
2.98177
2.61557
1.87807e-08
8.2021e-15
3.02333e-45
2.71164
2.04943e-16
1.44593
2.8068e-11
2.59114e-13
1.49388
2.06485
2.98815
3.05081
1.45848e-52
4.47269e-35
1.11457e-13
2.93198
4.357e-78
7.42532e-50
0.0337987
1.88501e-07
3.0768
1.66484e-06
2.75108
0.173252
0.000220448
2.89336e-05
1.17365
0.0557875
2.68981
8.33834e-05
2.87951
1.87476
3.44031e-73
1.46359e-64
0.00703897
1.96202
1.96248e-08
3.07614
1.57428
0.000764193
4.81002e-34
1.11509e-06
7.74382e-06
1.01421e-36
2.59748e-09
2.41888e-05
1.81118e-37
2.86731
2.01101
