0 0
1 34
2 97
3 3
4 63
5 61
6 16
7 21
8 21
9 16
10 54
11 2
12 18
13 97
14 64
15 59
16 70
17 52
18 59
19 34
20 92
21 97
22 89
23 77
24 28
25 36
26 24
27 34
28 37
29 90
30 9
31 43
32 19
33 67
34 67
35 18
36 2
37 92
38 87
39 25
40 84
41 25
42 1
43 9
44 65
45 22
46 36
47 29
48 93
49 81
50 37
51 10
52 16
53 60
54 71
55 61
56 73
57 1
58 75
59 96
60 69
61 74
62 75
63 44
64 94
65 56
66 69
67 65
68 92
69 3
70 17
71 37
72 3
73 6
74 52
75 88
76 11
77 62
78 44
79 76
80 4
81 92
82 82
83 92
84 84
85 14
86 33
87 65
88 99
89 90
90 97
91 25
92 1
93 5
94 53
95 19
96 16
97 32
98 37
99 82
100 81
101 10
102 89
103 56
104 43
105 28
106 97
107 32
108 41
109 91
110 59
111 54
112 4
113 73
114 47
115 35
116 40
117 82
118 66
119 61
120 8
121 2
122 96
123 62
124 60
125 67
126 23
127 33
128 20
129 86
130 53
131 16
132 100
133 67
134 87
135 18
136 57
137 68
138 39
139 16
140 58
141 57
142 12
143 45
144 57
145 73
146 21
147 17
148 94
149 63
150 5
151 26
152 14
153 35
154 23
155 37
156 86
157 76
158 18
159 96
160 67
161 54
162 90
163 89
164 78
165 9
166 47
167 84
168 9
169 91
170 37
171 63
172 54
173 70
174 71
175 93
176 10
177 61
178 76
179 60
180 11
181 70
182 91
183 83
184 14
185 21
186 60
187 70
188 63
189 79
190 80
191 36
192 65
193 38
194 65
195 31
196 56
197 19
198 62
199 37
200 52
